avg_512_4 = 0.147452
avg_512_8 = 0.139546
avg_512_16 = 0.129619
avg_512_32 = 0.137498
avg_512_64 = 0.172451

avg_1024_4 = 0.106080
avg_1024_8 = 0.092329
avg_1024_16 = 0.080844
avg_1024_32 = 0.083659
avg_1024_64 = 0.101016

avg_2048_4 = 0.084407
avg_2048_8 = 0.065848
avg_2048_16 = 0.049716
avg_2048_32 = 0.048946
avg_2048_64 = 0.057937

avg_4096_4 = 0.073587
avg_4096_8 = 0.053521
avg_4096_16 = 0.033904
avg_4096_32 = 0.025278
avg_4096_64 = 0.025671

avg_8192_4 = 0.067746
avg_8192_8 = 0.047152
avg_8192_16 = 0.027792
avg_8192_32 = 0.018334
avg_8192_64 = 0.014643
